M3x3=[[10,4,6],[6,3,25],[12,121,2]]
M3x5=[[34,25,12,9,3],[1,2,3,4,5],[87,22,3,0,2]]

M10x12= [[-53,  117,  -85,   80,   84,  141,  -15,   59,   78,   45,  111, -134],
     [-78, -135,   29,  -22, -111, -129,  -48,   11,  104,  -71,  -75,   74],
     [  2,   90,   43, -135,   14,  -39,  -79,   21,  129,  -11, -141, -129],
     [-33,  105,  117,   79,  -23, -100,  -26,   33,  -58,  137,   64,   56],
     [ 90,  134,  -89,  111,  101, -124, -119,   14, -110,  -18, -139,  139],
     [-95,   41,  128,  118,   62,   11,  100,  -63,  136,  -20,   50, -112],
     [ 50, -115,  -76,   56,  110,   44,   38,  -63,  146,  -18,   70,   29],
     [ -4, -102,  -10, -146, -102,   60,  -34,   76, -114,   94,   19,   27],
     [-76,  -27,  105,   56,  -61,  -30,  118,  -22,  139,   20, -142, -148],
     [ -7,  -83,   96,  118,   23,  142,  -70,   30,   11,  130,  -36, -148]]
M12x18=[[67,  12,  51,  -9,  32, -98, -150,  67, -128,  38,  33, 124, -45,  28,  54,  34,  10,  74],
    [-39, -50, -29, -92, -35, -98, -107, 123, -38, -35, -70,  49, -14,  96,  61,  38,  62,  40],
    [-20, -73, -53, -64,  44, -31,  139, -139, -10,  77, -95,  32,  44, 138, -34, 130,  16,  40],
    [102, -73, -63, -148, 138,  53, -39, -146,  61,  59, -61,  13,  12,  51,  49,  17, 129, -25],
    [-19, 105, -34, -27, -110, -71, -92,  128, -129,  31,  59, -84, -50, -27, -128, -94, -39, -14],
    [-80, 144, -147, -39,  88, 140, -51,  140,  17,  17, -40,  102, -26, -97, -51, -44, -99, -26],
    [-118, -26, -22,  10, -94,  55,  27,   20, -80,  35,  30, -117, 102,  12, -21, -70,  -8,  72],
    [-24,  91, 138, -57,  29,  87, -12, -150, -123, -39, -59, 118, -20,  79, -39,  55, 118, -147],
    [119, -119,  80, 142,  36,  25, -49, -51, -97, -67, -145, 131, -107, -96, -21, 107, -141, -73],
    [-18,  73,  32, -92, -148, -12, -59, -22,  99, 142, -122,  30,  86, -42, -132,  59,  90, -94],
    [81,  -36,  49, -84, -15, -147, -67, -149, -89, -110,  98,  71,  11,  74,  76, -71,  41, -124],
    [-21, -26, -143, -140, 146,  55,  20,   79, -91, -36, -121, -42, -81, -131,  57, -23,  -9, 1]]



M20x5=[[-57.31, 98.43, 112.17, -148.32, -31.86],
          [-23.19, -27.29, 144.42, 33.15, 92.55],
          [94.07, 125.76, -73.27, 61.29, -144.17],
          [-129.69, 21.58, 62.26, -114.57, -94.22],
          [7.54, 90.11, -127.62, -114.72, -30.24],
          [85.84, 55.08, -139.75, -114.85, 26.5],
          [137.75, -117.12, -38.32, -132.28, -91.81],
          [49.33, -29.48, -146.84, -105.58, -107.94],
          [142.44, -63.63, 94.95, -107.94, -138.32],
          [85.91, -144.87, -125.27, 76.85, -27.73],
          [102.11, -18.95, 139.88, 143.29, 80.08],
          [-44.05, -108.1, -63.85, -45.89, 53.43],
          [-37.68, 28.92, -127.71, -73.67, 49.38],
          [85.23, -73.6, -25.57, -121.29, -37.96],
          [-54.26, 32.3, 123.97, -142.58, -97.96],
          [-80.97, -29.58, -51.6, -125.16, 88.98],
          [-48.27, -25.32, -139.24, -139.64, 38.18],
          [-33.87, -116.13, -91.91, -136.79, -38.24],
          [-105.34, -105.16, -41.5, -59.91, -61.77],
          [-134.8, -73.01, -35.38, -102.48, -52.3]]

M5x12=[[-121.72, -36.17, -144.55, -77.44, -141.54, -119.46, -137.8 ,  123.22,  147.02,  -91.18,   84.24,   57.89],
 [ -84.94,  -9.75,   56.86, -121.44,  -97.46,  -80.02,  135.12,  -79.24,  -66.09,  100.21,  129.12,  -67.07],
 [ -97.17,   98.51,  -83.33,  116.61,   87.05, -145.98,   25.1 , -111.13,   49.75,  -98.6 ,   21.21,   17.67],
 [  23.78,  -31.02,   23.06,  -63.48, -126.75,   89.8 ,  -12.54, -111.56,  112.62,  -63.9 ,  140.08,  142.23],
 [  26.12,  -21.7 ,  -84.31,   29.75,   45.09,  -70.31, -149.02,   31.22,  -25.9 ,   36.98,  -96.07,   47.85]]
